8PSK soft with validation
4
8
18.0
27.0
63.095734448
501.187233627
30
32
96
0.0005
0.0005
0.97
0.97
1000
1000
80000
5000
20
40
0.9
8
19.0
26.0
1
i
1
i
2
i
3
i
4
i
5
i
6
i
7
i
8
i
9
i
10
i
11
i
12
i
13
i
14
i
15
i
16
i
17
i
18
i
19
i
20
i
21
i
22
i
23
i
24
i
25
i
26
i
27
i
28
i
29
0 3.124877e-14 0.4197563 1.0 0.87955
100 3.0592408e-14 0.29762766 1.0 0.47865
200 3.1428053e-14 0.24219841 1.0 0.21585
300 3.1086855e-14 0.17528065 1.0 0.0606
400 3.1357322e-14 0.061632194 1.0 0.0269
500 3.1879728e-14 0.011945322 1.0 0.01275
600 3.0218873e-14 0.005475049 1.0 0.00685
700 3.0284287e-14 0.0037388082 1.0 0.005
800 3.24618e-14 0.0035834692 1.0 0.00525
900 3.0030323e-14 0.0036862385 1.0 0.0045
1000 2.8844338e-14 0.0029404962 1.0 0.0041
1100 2.9021795e-14 0.0020558676 1.0 0.0029
1200 3.135113e-14 0.0017367625 1.0 0.0025
1300 3.173538e-14 0.0021507817 1.0 0.0024
1400 3.0798497e-14 0.0016235845 1.0 0.00225
1500 3.1542518e-14 0.0019138706 1.0 0.0028
1600 3.1086126e-14 0.0015365857 1.0 0.00225
1700 3.091611e-14 0.0014364969 1.0 0.00215
1800 3.0335892e-14 0.0016139644 1.0 0.0021
1900 3.132822e-14 0.0009307344 1.0 0.00115
2000 3.1677216e-14 0.0014875651 1.0 0.00225
2100 3.0954873e-14 0.0010550913 1.0 0.00155
2200 3.080134e-14 0.0011400391 1.0 0.0017
2300 3.4110257e-14 0.0013519017 1.0 0.00165
2400 3.148384e-14 0.00096480176 1.0 0.00145
2500 3.150817e-14 0.0010273777 1.0 0.0016
2600 3.1444435e-14 0.0007840674 1.0 0.00115
2700 3.1081454e-14 0.0007142768 1.0 0.00095
2800 2.999241e-14 0.00078964955 1.0 0.0009
2900 3.1004882e-14 0.0008124243 1.0 0.00105
3000 2.952276e-14 0.00068348733 1.0 0.001
3100 3.1151077e-14 0.0005544531 1.0 0.00085
3200 3.114704e-14 0.0011234204 1.0 0.00165
3300 3.112787e-14 0.0008077161 1.0 0.0012
3400 3.1079733e-14 0.0007319237 1.0 0.00095
3500 3.305961e-14 0.0008915743 1.0 0.00125
3600 3.1773256e-14 0.0010845751 1.0 0.0015
3700 3.0190365e-14 0.00054474967 1.0 0.00075
3800 3.0225168e-14 0.0006824641 1.0 0.00085
3900 3.144313e-14 0.00036334092 1.0 0.00055
4000 2.9613932e-14 0.00039279027 1.0 0.00055
4100 3.2980265e-14 0.0007557076 1.0 0.00115
4200 3.1291782e-14 0.0006148922 1.0 0.00085
4300 3.1533048e-14 0.0005882803 1.0 0.00075
4400 2.9347828e-14 0.00050237664 1.0 0.0005
4500 3.3747656e-14 0.0007812058 1.0 0.00095
4600 3.0945695e-14 0.00025347987 1.0 0.0002
4700 3.131422e-14 0.0004057629 1.0 0.0005
4800 3.0697287e-14 0.0005501231 1.0 0.00065
4900 3.0887216e-14 0.0007706072 1.0 0.00115
5000 3.059028e-14 0.0003922868 1.0 0.0005
5100 3.0331972e-14 0.0005793849 1.0 0.00085
5200 2.9460985e-14 0.0002429977 1.0 0.00035
5300 3.017137e-14 0.0003761917 1.0 0.0005
5400 3.1385867e-14 0.0005863866 1.0 0.00065
5500 3.0556873e-14 0.00049172 1.0 0.0006
5600 2.9730074e-14 0.00049642543 1.0 0.0008
5700 3.0552844e-14 0.0005068181 1.0 0.0008
5800 3.1674695e-14 0.00032943947 1.0 0.00035
5900 3.09927e-14 0.0004129089 1.0 0.0005
6000 3.0920575e-14 0.000334417 1.0 0.0004
6100 3.0867693e-14 0.00047369712 1.0 0.00065
6200 3.1905627e-14 0.0003394355 1.0 0.0004
6300 3.075236e-14 0.0003864425 1.0 0.00055
6400 3.1245467e-14 0.00043358162 1.0 0.00045
6500 3.1451482e-14 0.0002495397 1.0 0.0004
6600 3.263983e-14 0.0003113782 1.0 0.00045
6700 3.1188817e-14 0.0003298784 1.0 0.00045
6800 3.2165985e-14 0.00037706865 1.0 0.0006
6900 3.0251606e-14 0.00036568646 1.0 0.00035
7000 3.030781e-14 0.0002461495 1.0 0.00025
7100 3.0726818e-14 0.00032308113 1.0 0.0005
7200 3.027323e-14 0.0003906409 1.0 0.00055
7300 3.076324e-14 0.0002815949 1.0 0.0004
7400 3.2154038e-14 8.0161466e-05 1.0 1e-04
7500 3.0889492e-14 0.0001894536 1.0 0.0002
7600 3.0241838e-14 0.00033066652 1.0 0.00045
7700 2.9731642e-14 0.00014326049 1.0 0.00015
7800 2.9706323e-14 0.0003261616 1.0 0.00045
7900 3.0840642e-14 0.0002468772 1.0 0.0003
8000 3.040032e-14 7.4900956e-05 1.0 5e-05
8100 2.9946104e-14 6.7285604e-05 1.0 1e-04
8200 3.1564652e-14 0.00017225927 1.0 0.0003
8300 3.0650382e-14 0.00022380959 1.0 0.00035
8400 3.1510754e-14 0.00016124733 1.0 0.0002
8500 3.1135667e-14 0.00024013502 1.0 0.0003
8600 3.0029673e-14 0.0001653194 1.0 0.00025
8700 3.0835438e-14 0.00033134734 1.0 0.00045
8800 3.1400423e-14 0.0002225724 1.0 0.00025
8900 2.990167e-14 0.000110459805 1.0 0.00015
9000 3.167457e-14 0.00028664616 1.0 0.0004
9100 2.9839643e-14 0.000249296 1.0 0.00035
9200 2.919872e-14 0.00014332708 1.0 0.00015
9300 3.0493162e-14 0.00015768921 1.0 0.0003
9400 3.0440243e-14 0.0001850245 1.0 0.0002
9500 3.0753432e-14 0.00016860773 1.0 0.0002
9600 3.0849712e-14 5.009785e-05 1.0 1e-04
9700 3.080513e-14 3.1118725e-05 1.0 0.0
9800 3.1473196e-14 0.00018929195 1.0 0.00015
9900 3.1220655e-14 9.7441596e-05 1.0 0.00015
0 0.009215179 0.033295725 1.0 0.02005
1000 0.008986642 0.003758142 1.0 0.00285
2000 0.009202356 0.003231455 1.0 0.003
3000 0.009089272 0.0022146695 1.0 0.0022
4000 0.009137329 0.002270272 1.0 0.00235
5000 0.009298428 0.002586629 1.0 0.0026
6000 0.009107248 0.0022685865 1.0 0.00235
7000 0.009089148 0.0022465142 1.0 0.0026
8000 0.009208397 0.0020932693 1.0 0.002
9000 0.00928095 0.0018027152 1.0 0.00175
10000 0.009320913 0.0027833928 1.0 0.0033
11000 0.0089920135 0.0017561385 1.0 0.0018
12000 0.009425748 0.0017975812 1.0 0.00215
13000 0.00909245 0.0014329817 1.0 0.0014
14000 0.009094991 0.0016649105 1.0 0.00165
15000 0.009330702 0.0015733897 1.0 0.00185
16000 0.00903626 0.0015317969 1.0 0.0017
17000 0.008954005 0.0017906157 1.0 0.00215
18000 0.009326636 0.0014679449 1.0 0.0018
19000 0.009363408 0.0015511584 1.0 0.00205
20000 0.009287089 0.0015201883 1.0 0.0019
21000 0.008914169 0.00079066615 1.0 0.001
22000 0.0090149045 0.0011835495 1.0 0.0015
23000 0.009567701 0.0016738162 1.0 0.0022
24000 0.008930521 0.001188029 1.0 0.0014
25000 0.009378817 0.001169838 1.0 0.00155
26000 0.009246332 0.0011096676 1.0 0.00145
27000 0.009382559 0.001261595 1.0 0.0018
28000 0.009229628 0.0011067285 1.0 0.0014
29000 0.009420792 0.0011526042 1.0 0.00145
30000 0.009196592 0.001218579 1.0 0.00155
31000 0.009303267 0.0010726398 1.0 0.00135
32000 0.009071207 0.00069277064 1.0 0.00085
33000 0.009130849 0.0007752559 1.0 0.0009
34000 0.009154136 0.0007812875 1.0 0.0011
35000 0.009182373 0.0013319637 1.0 0.00175
36000 0.009013572 0.000989828 1.0 0.00155
37000 0.009028078 0.0010199414 1.0 0.0015
38000 0.009172232 0.0011186958 1.0 0.0016
39000 0.009252469 0.0011634848 1.0 0.00165
40000 0.009303964 0.00066968944 1.0 0.00085
41000 0.009322575 0.0008359003 1.0 0.0013
42000 0.009181941 0.001324982 1.0 0.0017
43000 0.009352051 0.0006759589 1.0 0.00095
44000 0.009084439 0.0011151639 1.0 0.00155
45000 0.0090709 0.000955695 1.0 0.00115
46000 0.009095135 0.0008892013 1.0 0.00125
47000 0.009138946 0.0011114063 1.0 0.00145
48000 0.009092936 0.00084813515 1.0 0.0011
49000 0.00925717 0.00075914845 1.0 0.00105
50000 0.009220568 0.0011944938 1.0 0.00145
51000 0.009164693 0.0012103082 1.0 0.0015
52000 0.009076243 0.0012624273 1.0 0.0017
53000 0.009351305 0.0015129745 1.0 0.00195
54000 0.0092690885 0.0006855259 1.0 0.0008
55000 0.00923322 0.0009439312 1.0 0.0012
56000 0.0090169 0.00054322544 1.0 0.00065
57000 0.009541 0.001274928 1.0 0.00165
58000 0.009139274 0.00083669863 1.0 0.00105
59000 0.009274231 0.00052654836 1.0 0.00065
60000 0.009147902 0.00053026486 1.0 0.0006
61000 0.008937863 0.0010943896 1.0 0.0013
62000 0.009149887 0.000779591 1.0 0.001
63000 0.009124876 0.0005026449 1.0 0.00075
64000 0.009293402 0.0008123904 1.0 0.00105
65000 0.009068509 0.00053975085 1.0 0.00075
66000 0.008949143 0.00072837184 1.0 0.00105
67000 0.008944624 0.0008577935 1.0 0.0011
68000 0.009422528 0.0008661567 1.0 0.0012
69000 0.009159791 0.001074226 1.0 0.00145
70000 0.009277258 0.00083876116 1.0 0.0011
71000 0.009191449 0.0006210749 1.0 0.00085
72000 0.009117833 0.00078667223 1.0 0.0012
73000 0.009225597 0.0008942652 1.0 0.00105
74000 0.009336671 0.0010754905 1.0 0.00145
75000 0.009248293 0.0007977633 1.0 0.00105
76000 0.009191865 0.0011538597 1.0 0.00155
77000 0.009318016 0.0005550997 1.0 0.0008
78000 0.009259458 0.0006474732 1.0 0.00085
79000 0.009231565 0.0011930534 1.0 0.0015
snr:
19.0
test iteration:
0
snr:
20.0
test iteration:
0
snr:
21.0
test iteration:
0
snr:
22.0
test iteration:
0
snr:
23.0
test iteration:
0
snr:
24.0
test iteration:
0
snr:
25.0
test iteration:
0
snr:
26.0
test iteration:
0
snrdb_list
[19. 20. 21. 22. 23. 24. 25. 26.]
bers
[[0.00625   0.00375   0.00125   0.0015625 0.        0.0003125 0.
  0.       ]]
times
[[0.00089776 0.00017151 0.00017012 0.0001708  0.00017284 0.00017098
  0.00017141 0.00016988]]
stat_distance
[[0.26181574 0.28422681 0.26584759 0.31443062 0.27072335 0.26775775
  0.27175216 0.27726365]
 [0.21278288 0.22357927 0.21048817 0.20252919 0.22064418 0.20989865
  0.24462763 0.21486669]
 [0.16511823 0.15759773 0.13802076 0.16103996 0.14616039 0.16696735
  0.14722211 0.15855355]
 [0.12900251 0.10341053 0.1228581  0.09931838 0.12226487 0.08941922
  0.12609834 0.11162153]
 [0.07505698 0.07127717 0.07905772 0.06423898 0.06848284 0.07824224
  0.08637563 0.09321763]
 [0.04571143 0.04912678 0.05340466 0.04759068 0.05981311 0.04185239
  0.05002144 0.04578861]
 [0.0302835  0.02318996 0.02168536 0.02705968 0.01643996 0.0251627
  0.02314921 0.02957727]
 [0.01552263 0.0119381  0.01388439 0.01035527 0.01499691 0.01041131
  0.01219349 0.01421757]]
