16QAM soft with validation
4
8
7.0
14.0
5.01187233627
25.1188643151
30
32
96
0.0005
0.0005
0.97
0.97
1000
1000
80000
5000
20
50
0.9
6
8.0
13.0
1
i
1
i
2
i
3
i
4
i
5
i
6
i
7
i
8
i
9
i
10
i
11
i
12
i
13
i
14
i
15
i
16
i
17
i
18
i
19
i
20
i
21
i
22
i
23
i
24
i
25
i
26
i
27
i
28
i
29
0 0.20964126 0.9346
100 0.17098898 0.67025
200 0.1403957 0.40635
300 0.11230931 0.19615
400 0.08900126 0.13495
500 0.06160164 0.08065
600 0.040554926 0.0472
700 0.030506916 0.04035
800 0.020036208 0.024
900 0.013257484 0.0151
1000 0.009381977 0.01175
1100 0.015150476 0.02515
1200 0.0068792175 0.0111
1300 0.006369094 0.01085
1400 0.0054558697 0.00985
1500 0.0045684157 0.0074
1600 0.0043302383 0.00735
1700 0.0043983418 0.0089
1800 0.0039458647 0.00705
1900 0.0037781005 0.00705
2000 0.0034786777 0.0062
2100 0.0033504923 0.00565
2200 0.0041529415 0.00815
2300 0.019204335 0.08255
2400 0.019156685 0.0824
2500 0.019387335 0.0839
2600 0.018539993 0.08215
2700 0.019592756 0.08495
2800 0.01815533 0.0788
2900 0.048107095 0.22035
3000 0.04852343 0.22335
3100 0.048055798 0.2217
3200 0.048449054 0.2235
3300 0.047724932 0.2203
3400 0.046430193 0.21475
3500 0.048092335 0.2226
3600 0.047491934 0.22085
3700 0.048526783 0.2256
3800 0.04773102 0.2219
3900 0.048001863 0.22265
4000 0.048041422 0.2233
4100 0.090265796 0.4225
4200 0.088367455 0.4153
4300 0.08980596 0.4229
4400 0.09005173 0.42455
4500 0.09042818 0.4266
4600 0.09037206 0.4261
4700 0.08938451 0.42165
4800 0.08989048 0.4239
4900 0.09030265 0.42565
5000 0.08916893 0.42065
5100 0.09076549 0.4284
5200 0.090139404 0.4253
5300 0.09048164 0.42655
5400 0.09042451 0.42715
5500 0.08888746 0.4193
5600 0.09081864 0.42905
5700 0.09003902 0.4245
5800 0.088985085 0.4205
5900 0.08945238 0.42245
6000 0.0902069 0.42635
6100 0.12563679 0.5924
6200 0.12581299 0.59615
6300 0.12536915 0.59385
6400 0.12436524 0.58975
6500 0.12567447 0.59575
6600 0.12570919 0.59555
6700 0.12529601 0.5941
6800 0.12419146 0.589
6900 0.1262076 0.59805
7000 0.12583183 0.59645
7100 0.12409174 0.5886
7200 0.12531914 0.59425
7300 0.12624907 0.5985
7400 0.12528692 0.594
7500 0.12449728 0.5899
7600 0.12525395 0.5939
7700 0.125783 0.59655
7800 0.12525015 0.5939
7900 0.12593345 0.59725
8000 0.12504837 0.5933
8100 0.12504283 0.59285
8200 0.12508553 0.593
8300 0.12484055 0.59135
8400 0.12478459 0.59125
8500 0.12577084 0.5967
8600 0.12337805 0.585
8700 0.15708375 0.73825
8800 0.15556377 0.7375
8900 0.15566145 0.7378
9000 0.15606739 0.74005
9100 0.15436989 0.73175
9200 0.15536807 0.7369
9300 0.15474139 0.7341
9400 0.15541375 0.7369
9500 0.15490286 0.73495
9600 0.15506713 0.7358
9700 0.15474637 0.7341
9800 0.15524836 0.73665
9900 0.15470555 0.73375
0 0.18176354 0.8174
1000 0.15777378 0.73705
2000 0.15714614 0.7358
3000 0.15736009 0.7386
4000 0.15363106 0.7214
5000 0.15360774 0.722
6000 0.1537567 0.72265
7000 0.15403835 0.725
8000 0.1539893 0.7246
9000 0.12879777 0.6005
10000 0.11842507 0.55135
11000 0.10698352 0.4949
12000 0.10073471 0.46365
13000 0.09098269 0.4183
14000 0.08357298 0.38455
15000 0.0814038 0.37495
16000 0.07425683 0.34035
17000 0.04921029 0.21785
18000 0.0425548 0.18605
19000 0.038654707 0.16805
20000 0.02261602 0.0924
21000 0.021016773 0.08305
22000 0.020548334 0.08205
23000 0.013893974 0.051
24000 0.011103688 0.03725
25000 0.0072171115 0.0194
26000 0.007047041 0.01975
27000 0.007530589 0.02075
28000 0.007065907 0.0201
29000 0.006538743 0.01805
30000 0.007042415 0.01995
31000 0.006667342 0.0182
32000 0.0072947834 0.0199
33000 0.0069331876 0.0189
34000 0.0069102286 0.0195
35000 0.0063250624 0.0171
36000 0.0069432873 0.0196
37000 0.0071614827 0.02025
38000 0.007125326 0.0193
39000 0.006342172 0.0176
40000 0.0060568606 0.01635
41000 0.007337229 0.0203
42000 0.0069599515 0.01945
43000 0.0071773957 0.01955
44000 0.0068195187 0.01905
45000 0.006869043 0.01945
46000 0.0061144647 0.0176
47000 0.006643303 0.01865
48000 0.007912023 0.02205
49000 0.0066767475 0.01855
50000 0.0058287485 0.01615
51000 0.0075609977 0.02045
52000 0.00693608 0.01985
53000 0.0057341126 0.016
54000 0.0063400688 0.01755
55000 0.0071064155 0.01975
56000 0.006653903 0.01835
57000 0.007260796 0.0199
58000 0.005669144 0.0156
59000 0.006158856 0.01745
60000 0.005819222 0.0159
61000 0.0063078837 0.01815
62000 0.0069384784 0.01945
63000 0.0066507035 0.0189
64000 0.0064782845 0.01875
65000 0.005681488 0.01605
66000 0.006360511 0.01765
67000 0.006547904 0.0182
68000 0.0059518362 0.0168
69000 0.0060581677 0.01715
70000 0.0059372303 0.01645
71000 0.0059774746 0.0165
72000 0.005994362 0.017
73000 0.0067499904 0.019
74000 0.0064895623 0.01895
75000 0.0066794627 0.01845
76000 0.0059891213 0.01705
77000 0.0063725202 0.01775
78000 0.0058217747 0.01645
79000 0.0053421524 0.0151
snr:
8.0
test iteration:
0
snr:
9.0
test iteration:
0
snr:
10.0
test iteration:
0
snr:
11.0
test iteration:
0
snr:
12.0
test iteration:
0
snr:
13.0
test iteration:
0
snrdb_list
[ 8.  9. 10. 11. 12. 13.]
bers
[[0.063   0.0315  0.02    0.00975 0.0055  0.003  ]]
times
[[0.00092887 0.00015998 0.00016626 0.00015823 0.00015065 0.00017001]]
stat_distance
[[0.06234817 0.06303187 0.06683194 0.05452839 0.06893341 0.05835334
  0.06138861 0.07362786]
 [0.04534027 0.04151571 0.03760181 0.04307172 0.03898034 0.04127935
  0.04397276 0.03909864]
 [0.02619305 0.02792711 0.0255737  0.02804432 0.02736319 0.02224575
  0.03089332 0.03492968]
 [0.02023189 0.01264134 0.01246825 0.01542567 0.01437006 0.01422598
  0.01411744 0.0171262 ]
 [0.01210173 0.00586794 0.00917968 0.00943038 0.01039976 0.01152696
  0.01029283 0.00778642]
 [0.00499331 0.0072985  0.00289472 0.00839427 0.00393558 0.0035456
  0.00322858 0.00606886]]
